	sequences per sample	iteration	E3.7.Pav.vari.1.20150124.T	E3.5.Gal.astr.1.20150124.T	E1.5.Gal.astr.1.20140728.T	E7.6.Acr.hyac.3.20150622.T	E3.7.Pav.vari.2.20150124.T	E1.7.Pav.vari.1.20140805.T	E7.7.Pav.vari.2.20150622.T	E3.6.Acr.hyac.4.20150105.T	E1.5.Gal.astr.1.20140905.T	E3.6.Acr.hyac.4.20150106.T	E7.10.Ser.cali.1.20150622.T	E10.Ser.cali.3.20150627.T	E7.6.Acr.hyac.1.20150622.T	E7.6.Acr.hyac.2.20150622.T	E7.10.Poc.dami.3.20150621.T	E10.Poc.dami.1.20150628.T	E7.10.Ser.cali.3.20150622.T	E7.10.Poc.dami.1.20150621.T	E7.10.Poc.dami.2.20150621.T	E7.10.Ser.cali.2.20150622.T	E10.Poc.dami.2.20150628.T
alpha_rarefaction_10_0.txt	10	0	7.0	8.0	8.0	7.0	9.0	10.0	9.0	6.0	10.0	6.0	6.0	7.0	8.0	8.0	6.0	2.0	7.0	6.0	7.0	2.0	2.0
alpha_rarefaction_10_1.txt	10	1	8.0	6.0	10.0	5.0	9.0	10.0	9.0	7.0	10.0	5.0	4.0	8.0	6.0	8.0	5.0	2.0	5.0	7.0	8.0	3.0	2.0
alpha_rarefaction_10_2.txt	10	2	9.0	8.0	10.0	4.0	8.0	9.0	10.0	3.0	10.0	5.0	4.0	8.0	4.0	5.0	5.0	2.0	9.0	5.0	6.0	4.0	2.0
alpha_rarefaction_10_3.txt	10	3	9.0	9.0	10.0	7.0	10.0	10.0	9.0	3.0	9.0	5.0	5.0	5.0	6.0	6.0	9.0	2.0	8.0	7.0	7.0	5.0	2.0
alpha_rarefaction_10_4.txt	10	4	8.0	7.0	10.0	5.0	10.0	10.0	9.0	5.0	10.0	3.0	4.0	7.0	4.0	5.0	6.0	3.0	9.0	7.0	9.0	3.0	1.0
alpha_rarefaction_10_5.txt	10	5	8.0	10.0	9.0	4.0	6.0	9.0	7.0	7.0	9.0	6.0	4.0	5.0	8.0	4.0	7.0	2.0	7.0	8.0	8.0	3.0	3.0
alpha_rarefaction_10_6.txt	10	6	10.0	8.0	9.0	6.0	10.0	9.0	9.0	4.0	10.0	5.0	5.0	9.0	4.0	8.0	7.0	2.0	6.0	7.0	8.0	4.0	4.0
alpha_rarefaction_10_7.txt	10	7	7.0	9.0	10.0	4.0	10.0	10.0	9.0	4.0	10.0	5.0	4.0	7.0	7.0	6.0	6.0	3.0	9.0	5.0	8.0	3.0	3.0
alpha_rarefaction_10_8.txt	10	8	7.0	5.0	9.0	4.0	10.0	6.0	10.0	3.0	10.0	5.0	6.0	6.0	6.0	6.0	7.0	2.0	6.0	6.0	6.0	3.0	2.0
alpha_rarefaction_10_9.txt	10	9	9.0	10.0	10.0	6.0	8.0	10.0	9.0	6.0	10.0	4.0	3.0	6.0	5.0	6.0	8.0	2.0	9.0	7.0	8.0	4.0	3.0
alpha_rarefaction_39_0.txt	39	0	30.0	28.0	34.0	11.0	35.0	37.0	30.0	7.0	34.0	10.0	9.0	16.0	12.0	11.0	14.0	3.0	20.0	14.0	17.0	7.0	4.0
alpha_rarefaction_39_1.txt	39	1	30.0	21.0	34.0	12.0	34.0	34.0	29.0	10.0	38.0	11.0	11.0	13.0	11.0	9.0	12.0	3.0	20.0	14.0	16.0	7.0	4.0
alpha_rarefaction_39_2.txt	39	2	23.0	26.0	28.0	10.0	35.0	35.0	31.0	9.0	36.0	9.0	10.0	15.0	8.0	12.0	14.0	2.0	16.0	14.0	14.0	9.0	7.0
alpha_rarefaction_39_3.txt	39	3	32.0	33.0	30.0	13.0	34.0	36.0	31.0	10.0	29.0	12.0	14.0	15.0	13.0	12.0	16.0	4.0	15.0	13.0	16.0	10.0	3.0
alpha_rarefaction_39_4.txt	39	4	27.0	24.0	32.0	9.0	31.0	32.0	26.0	9.0	35.0	6.0	15.0	16.0	12.0	11.0	11.0	5.0	17.0	12.0	15.0	9.0	5.0
alpha_rarefaction_39_5.txt	39	5	28.0	30.0	37.0	15.0	31.0	37.0	29.0	7.0	34.0	8.0	10.0	15.0	16.0	12.0	13.0	3.0	19.0	14.0	16.0	7.0	6.0
alpha_rarefaction_39_6.txt	39	6	24.0	24.0	33.0	13.0	35.0	31.0	31.0	10.0	36.0	9.0	12.0	17.0	9.0	10.0	16.0	4.0	18.0	16.0	15.0	7.0	4.0
alpha_rarefaction_39_7.txt	39	7	30.0	26.0	34.0	9.0	32.0	34.0	31.0	6.0	36.0	7.0	11.0	18.0	14.0	14.0	17.0	3.0	19.0	11.0	15.0	9.0	6.0
alpha_rarefaction_39_8.txt	39	8	29.0	25.0	32.0	11.0	32.0	35.0	25.0	8.0	35.0	10.0	11.0	14.0	12.0	13.0	15.0	4.0	17.0	12.0	20.0	9.0	5.0
alpha_rarefaction_39_9.txt	39	9	29.0	24.0	35.0	17.0	35.0	32.0	31.0	6.0	37.0	10.0	8.0	17.0	12.0	14.0	15.0	5.0	18.0	13.0	16.0	11.0	4.0
alpha_rarefaction_68_0.txt	68	0	47.0	40.0	57.0	20.0	60.0	64.0	51.0	9.0	60.0	12.0	13.0	19.0	14.0	16.0	21.0	4.0	30.0	17.0	24.0	13.0	5.0
alpha_rarefaction_68_1.txt	68	1	47.0	41.0	55.0	20.0	55.0	60.0	58.0	13.0	54.0	9.0	9.0	22.0	13.0	13.0	19.0	4.0	29.0	17.0	20.0	10.0	6.0
alpha_rarefaction_68_2.txt	68	2	45.0	35.0	54.0	17.0	55.0	62.0	49.0	9.0	57.0	12.0	16.0	23.0	13.0	16.0	22.0	4.0	25.0	15.0	23.0	12.0	6.0
alpha_rarefaction_68_3.txt	68	3	40.0	39.0	53.0	18.0	54.0	61.0	54.0	11.0	60.0	13.0	14.0	22.0	15.0	19.0	18.0	3.0	26.0	16.0	24.0	12.0	5.0
alpha_rarefaction_68_4.txt	68	4	51.0	43.0	59.0	15.0	53.0	57.0	49.0	12.0	62.0	12.0	17.0	18.0	12.0	15.0	19.0	4.0	22.0	18.0	24.0	11.0	5.0
alpha_rarefaction_68_5.txt	68	5	48.0	43.0	56.0	16.0	50.0	61.0	52.0	13.0	61.0	12.0	17.0	21.0	13.0	15.0	21.0	5.0	26.0	16.0	22.0	11.0	4.0
alpha_rarefaction_68_6.txt	68	6	52.0	37.0	53.0	19.0	54.0	54.0	47.0	14.0	63.0	12.0	11.0	22.0	15.0	15.0	22.0	4.0	26.0	17.0	17.0	14.0	6.0
alpha_rarefaction_68_7.txt	68	7	51.0	34.0	54.0	16.0	54.0	58.0	50.0	13.0	49.0	13.0	17.0	21.0	13.0	14.0	22.0	5.0	23.0	16.0	22.0	12.0	6.0
alpha_rarefaction_68_8.txt	68	8	46.0	43.0	55.0	16.0	54.0	60.0	50.0	15.0	63.0	12.0	13.0	21.0	12.0	18.0	20.0	4.0	22.0	17.0	22.0	14.0	5.0
alpha_rarefaction_68_9.txt	68	9	45.0	36.0	54.0	21.0	57.0	59.0	42.0	14.0	60.0	11.0	16.0	25.0	16.0	17.0	19.0	5.0	26.0	12.0	18.0	10.0	5.0
alpha_rarefaction_97_0.txt	97	0	72.0	53.0	73.0	17.0	66.0	81.0	68.0	15.0	81.0	13.0	23.0	26.0	14.0	20.0	24.0	6.0	33.0	17.0	23.0	17.0	5.0
alpha_rarefaction_97_1.txt	97	1	66.0	54.0	73.0	19.0	73.0	81.0	72.0	16.0	82.0	15.0	24.0	23.0	14.0	19.0	23.0	7.0	26.0	18.0	32.0	15.0	7.0
alpha_rarefaction_97_2.txt	97	2	69.0	49.0	77.0	22.0	77.0	78.0	66.0	17.0	81.0	11.0	23.0	23.0	17.0	16.0	19.0	5.0	26.0	20.0	29.0	18.0	7.0
alpha_rarefaction_97_3.txt	97	3	63.0	55.0	72.0	21.0	70.0	87.0	68.0	16.0	82.0	13.0	20.0	28.0	15.0	20.0	26.0	6.0	26.0	21.0	24.0	12.0	8.0
alpha_rarefaction_97_4.txt	97	4	63.0	50.0	82.0	23.0	70.0	83.0	72.0	12.0	78.0	15.0	22.0	23.0	13.0	19.0	23.0	6.0	31.0	18.0	24.0	11.0	6.0
alpha_rarefaction_97_5.txt	97	5	63.0	53.0	74.0	20.0	73.0	84.0	63.0	11.0	81.0	15.0	18.0	27.0	18.0	20.0	26.0	4.0	27.0	19.0	25.0	13.0	6.0
alpha_rarefaction_97_6.txt	97	6	65.0	50.0	77.0	19.0	71.0	82.0	73.0	14.0	87.0	12.0	21.0	21.0	16.0	20.0	24.0	5.0	29.0	21.0	24.0	14.0	7.0
alpha_rarefaction_97_7.txt	97	7	62.0	45.0	76.0	19.0	76.0	77.0	71.0	14.0	75.0	13.0	19.0	27.0	13.0	20.0	22.0	5.0	29.0	21.0	23.0	18.0	6.0
alpha_rarefaction_97_8.txt	97	8	72.0	52.0	85.0	22.0	70.0	80.0	69.0	15.0	82.0	18.0	24.0	20.0	15.0	21.0	24.0	5.0	27.0	22.0	22.0	12.0	8.0
alpha_rarefaction_97_9.txt	97	9	65.0	53.0	77.0	23.0	68.0	85.0	67.0	15.0	79.0	15.0	22.0	26.0	19.0	17.0	27.0	4.0	29.0	20.0	28.0	15.0	9.0
alpha_rarefaction_126_0.txt	126	0	90.0	65.0	98.0	27.0	94.0	102.0	84.0	17.0	105.0	16.0	30.0	25.0	17.0	18.0	26.0	6.0	31.0	26.0	26.0	16.0	10.0
alpha_rarefaction_126_1.txt	126	1	90.0	68.0	98.0	22.0	93.0	104.0	86.0	18.0	106.0	18.0	23.0	23.0	17.0	23.0	26.0	6.0	35.0	20.0	23.0	18.0	8.0
alpha_rarefaction_126_2.txt	126	2	89.0	71.0	100.0	23.0	93.0	108.0	86.0	17.0	112.0	16.0	25.0	27.0	20.0	22.0	26.0	6.0	32.0	18.0	29.0	16.0	8.0
alpha_rarefaction_126_3.txt	126	3	93.0	66.0	99.0	24.0	88.0	107.0	89.0	15.0	103.0	15.0	26.0	25.0	16.0	18.0	25.0	7.0	33.0	25.0	28.0	14.0	7.0
alpha_rarefaction_126_4.txt	126	4	88.0	70.0	96.0	25.0	88.0	107.0	88.0	16.0	99.0	15.0	25.0	27.0	19.0	19.0	29.0	6.0	30.0	23.0	29.0	17.0	8.0
alpha_rarefaction_126_5.txt	126	5	81.0	57.0	97.0	23.0	86.0	101.0	91.0	14.0	106.0	14.0	27.0	26.0	18.0	19.0	29.0	6.0	30.0	23.0	31.0	17.0	10.0
alpha_rarefaction_126_6.txt	126	6	83.0	59.0	100.0	22.0	87.0	100.0	88.0	16.0	102.0	13.0	25.0	30.0	16.0	22.0	28.0	6.0	25.0	22.0	28.0	15.0	7.0
alpha_rarefaction_126_7.txt	126	7	83.0	66.0	96.0	22.0	92.0	106.0	91.0	15.0	100.0	14.0	23.0	24.0	16.0	21.0	22.0	5.0	34.0	23.0	30.0	18.0	8.0
alpha_rarefaction_126_8.txt	126	8	78.0	66.0	100.0	23.0	94.0	106.0	91.0	17.0	100.0	13.0	26.0	23.0	17.0	21.0	29.0	6.0	29.0	27.0	29.0	15.0	9.0
alpha_rarefaction_126_9.txt	126	9	91.0	64.0	94.0	24.0	93.0	103.0	91.0	16.0	105.0	15.0	24.0	30.0	16.0	19.0	26.0	5.0	33.0	25.0	27.0	20.0	10.0
alpha_rarefaction_155_0.txt	155	0	104.0	69.0	122.0	23.0	104.0	125.0	106.0	18.0	120.0	16.0	34.0	32.0	19.0	24.0	27.0	5.0	35.0	23.0	30.0	16.0	7.0
alpha_rarefaction_155_1.txt	155	1	112.0	73.0	116.0	26.0	110.0	125.0	106.0	17.0	129.0	17.0	33.0	32.0	19.0	22.0	30.0	6.0	36.0	21.0	28.0	22.0	10.0
alpha_rarefaction_155_2.txt	155	2	106.0	71.0	117.0	21.0	102.0	135.0	102.0	15.0	128.0	13.0	27.0	32.0	18.0	18.0	31.0	6.0	37.0	23.0	34.0	21.0	8.0
alpha_rarefaction_155_3.txt	155	3	112.0	71.0	117.0	29.0	108.0	120.0	102.0	17.0	118.0	16.0	34.0	30.0	18.0	23.0	30.0	7.0	38.0	25.0	31.0	17.0	8.0
alpha_rarefaction_155_4.txt	155	4	102.0	75.0	115.0	24.0	109.0	127.0	103.0	22.0	122.0	15.0	31.0	28.0	16.0	21.0	31.0	5.0	36.0	27.0	35.0	17.0	8.0
alpha_rarefaction_155_5.txt	155	5	103.0	77.0	117.0	23.0	105.0	121.0	105.0	18.0	130.0	15.0	26.0	29.0	15.0	21.0	27.0	6.0	34.0	23.0	34.0	20.0	10.0
alpha_rarefaction_155_6.txt	155	6	99.0	74.0	117.0	25.0	107.0	118.0	103.0	18.0	125.0	16.0	25.0	27.0	17.0	21.0	33.0	6.0	35.0	23.0	32.0	20.0	7.0
alpha_rarefaction_155_7.txt	155	7	110.0	70.0	115.0	28.0	104.0	125.0	109.0	20.0	115.0	14.0	31.0	29.0	20.0	21.0	28.0	4.0	33.0	26.0	34.0	21.0	8.0
alpha_rarefaction_155_8.txt	155	8	107.0	76.0	120.0	23.0	101.0	122.0	110.0	15.0	126.0	16.0	26.0	32.0	18.0	21.0	31.0	5.0	35.0	26.0	32.0	19.0	11.0
alpha_rarefaction_155_9.txt	155	9	100.0	70.0	110.0	28.0	106.0	124.0	108.0	20.0	120.0	17.0	24.0	31.0	20.0	24.0	29.0	7.0	35.0	23.0	32.0	21.0	10.0
alpha_rarefaction_184_0.txt	184	0	127.0	83.0	138.0	26.0	121.0	142.0	128.0	19.0	147.0	17.0	33.0	32.0	19.0	22.0	33.0	7.0	36.0	31.0	33.0	20.0	10.0
alpha_rarefaction_184_1.txt	184	1	130.0	88.0	133.0	29.0	119.0	142.0	122.0	17.0	142.0	16.0	36.0	33.0	20.0	22.0	32.0	6.0	39.0	29.0	35.0	23.0	10.0
alpha_rarefaction_184_2.txt	184	2	128.0	78.0	137.0	29.0	124.0	148.0	123.0	23.0	148.0	18.0	30.0	31.0	21.0	25.0	33.0	6.0	37.0	26.0	36.0	24.0	11.0
alpha_rarefaction_184_3.txt	184	3	120.0	88.0	142.0	24.0	119.0	140.0	122.0	21.0	148.0	17.0	36.0	31.0	19.0	23.0	35.0	7.0	35.0	30.0	34.0	19.0	10.0
alpha_rarefaction_184_4.txt	184	4	117.0	89.0	139.0	27.0	129.0	151.0	123.0	17.0	145.0	15.0	32.0	38.0	18.0	23.0	32.0	5.0	34.0	30.0	40.0	24.0	13.0
alpha_rarefaction_184_5.txt	184	5	124.0	81.0	140.0	29.0	132.0	143.0	123.0	22.0	141.0	19.0	31.0	30.0	17.0	22.0	33.0	8.0	35.0	33.0	32.0	25.0	9.0
alpha_rarefaction_184_6.txt	184	6	125.0	77.0	138.0	26.0	129.0	142.0	124.0	22.0	148.0	17.0	36.0	34.0	19.0	22.0	31.0	8.0	38.0	27.0	35.0	25.0	10.0
alpha_rarefaction_184_7.txt	184	7	119.0	78.0	140.0	25.0	127.0	144.0	114.0	20.0	136.0	19.0	30.0	31.0	21.0	23.0	34.0	7.0	37.0	29.0	37.0	20.0	10.0
alpha_rarefaction_184_8.txt	184	8	124.0	83.0	140.0	30.0	130.0	146.0	117.0	18.0	145.0	17.0	30.0	32.0	17.0	21.0	32.0	5.0	36.0	24.0	36.0	20.0	11.0
alpha_rarefaction_184_9.txt	184	9	116.0	83.0	136.0	26.0	118.0	139.0	124.0	20.0	139.0	18.0	35.0	31.0	18.0	24.0	31.0	8.0	37.0	30.0	34.0	19.0	10.0
alpha_rarefaction_213_0.txt	213	0	140.0	93.0	156.0	27.0	138.0	167.0	137.0	19.0	158.0	16.0	32.0	37.0	15.0	25.0	35.0	6.0	39.0	29.0	36.0	24.0	13.0
alpha_rarefaction_213_1.txt	213	1	141.0	96.0	164.0	28.0	133.0	169.0	132.0	21.0	161.0	17.0	32.0	35.0	20.0	23.0	36.0	8.0	40.0	31.0	41.0	22.0	10.0
alpha_rarefaction_213_2.txt	213	2	145.0	92.0	159.0	30.0	138.0	163.0	145.0	20.0	161.0	18.0	29.0	35.0	17.0	21.0	36.0	6.0	37.0	35.0	37.0	21.0	9.0
alpha_rarefaction_213_3.txt	213	3	148.0	92.0	158.0	28.0	136.0	162.0	142.0	24.0	164.0	15.0	32.0	35.0	23.0	23.0	34.0	6.0	42.0	30.0	40.0	21.0	10.0
alpha_rarefaction_213_4.txt	213	4	138.0	92.0	158.0	32.0	137.0	164.0	143.0	18.0	157.0	19.0	30.0	35.0	22.0	23.0	37.0	7.0	38.0	25.0	40.0	23.0	10.0
alpha_rarefaction_213_5.txt	213	5	137.0	99.0	162.0	27.0	144.0	169.0	143.0	21.0	161.0	17.0	33.0	34.0	21.0	25.0	38.0	6.0	39.0	27.0	39.0	25.0	10.0
alpha_rarefaction_213_6.txt	213	6	147.0	97.0	155.0	32.0	143.0	164.0	145.0	22.0	158.0	16.0	35.0	36.0	19.0	23.0	35.0	6.0	39.0	30.0	38.0	22.0	9.0
alpha_rarefaction_213_7.txt	213	7	149.0	90.0	165.0	28.0	142.0	165.0	144.0	20.0	162.0	16.0	36.0	35.0	19.0	21.0	36.0	8.0	39.0	29.0	38.0	24.0	10.0
alpha_rarefaction_213_8.txt	213	8	144.0	93.0	159.0	33.0	138.0	165.0	137.0	22.0	162.0	18.0	34.0	36.0	21.0	22.0	33.0	8.0	37.0	29.0	38.0	24.0	11.0
alpha_rarefaction_213_9.txt	213	9	141.0	94.0	161.0	30.0	144.0	163.0	146.0	21.0	168.0	17.0	33.0	37.0	19.0	24.0	35.0	8.0	38.0	28.0	40.0	22.0	8.0
alpha_rarefaction_242_0.txt	242	0	162.0	102.0	178.0	31.0	155.0	186.0	157.0	23.0	186.0	17.0	37.0	37.0	23.0	26.0	38.0	6.0	40.0	35.0	40.0	25.0	12.0
alpha_rarefaction_242_1.txt	242	1	160.0	98.0	182.0	32.0	153.0	187.0	154.0	23.0	180.0	19.0	37.0	38.0	23.0	25.0	39.0	7.0	40.0	33.0	41.0	27.0	11.0
alpha_rarefaction_242_2.txt	242	2	155.0	107.0	182.0	31.0	149.0	189.0	158.0	22.0	179.0	17.0	35.0	37.0	22.0	25.0	38.0	6.0	38.0	32.0	40.0	24.0	9.0
alpha_rarefaction_242_3.txt	242	3	161.0	103.0	187.0	30.0	152.0	181.0	158.0	22.0	179.0	19.0	38.0	38.0	22.0	25.0	36.0	6.0	41.0	34.0	38.0	26.0	13.0
alpha_rarefaction_242_4.txt	242	4	156.0	100.0	176.0	28.0	153.0	185.0	154.0	22.0	177.0	17.0	33.0	37.0	23.0	22.0	41.0	8.0	38.0	33.0	37.0	26.0	12.0
alpha_rarefaction_242_5.txt	242	5	161.0	103.0	182.0	31.0	152.0	187.0	161.0	23.0	180.0	18.0	37.0	38.0	21.0	22.0	37.0	8.0	39.0	35.0	40.0	28.0	13.0
alpha_rarefaction_242_6.txt	242	6	161.0	94.0	183.0	31.0	153.0	191.0	153.0	24.0	184.0	17.0	39.0	36.0	22.0	25.0	39.0	8.0	40.0	34.0	41.0	26.0	11.0
alpha_rarefaction_242_7.txt	242	7	158.0	106.0	183.0	32.0	157.0	188.0	155.0	23.0	174.0	18.0	39.0	36.0	22.0	23.0	34.0	8.0	41.0	33.0	38.0	22.0	11.0
alpha_rarefaction_242_8.txt	242	8	165.0	104.0	177.0	32.0	152.0	186.0	158.0	24.0	180.0	19.0	40.0	41.0	21.0	24.0	40.0	8.0	38.0	34.0	38.0	27.0	13.0
alpha_rarefaction_242_9.txt	242	9	166.0	106.0	182.0	31.0	154.0	183.0	151.0	25.0	178.0	19.0	38.0	35.0	22.0	26.0	40.0	8.0	39.0	32.0	38.0	24.0	12.0
alpha_rarefaction_271_0.txt	271	0	178.0	113.0	194.0	33.0	169.0	202.0	175.0	26.0	201.0	19.0	41.0	40.0	23.0	27.0	38.0	8.0	41.0	33.0	45.0	26.0	11.0
alpha_rarefaction_271_1.txt	271	1	179.0	114.0	197.0	33.0	170.0	203.0	168.0	24.0	200.0	19.0	41.0	39.0	23.0	25.0	38.0	8.0	41.0	34.0	42.0	27.0	13.0
alpha_rarefaction_271_2.txt	271	2	179.0	116.0	197.0	34.0	170.0	209.0	175.0	24.0	200.0	19.0	40.0	40.0	22.0	26.0	39.0	8.0	41.0	35.0	42.0	27.0	13.0
alpha_rarefaction_271_3.txt	271	3	174.0	114.0	198.0	33.0	170.0	206.0	174.0	21.0	200.0	19.0	40.0	37.0	23.0	26.0	39.0	8.0	40.0	35.0	41.0	27.0	13.0
alpha_rarefaction_271_4.txt	271	4	179.0	109.0	196.0	32.0	170.0	202.0	173.0	25.0	204.0	19.0	42.0	39.0	21.0	26.0	38.0	7.0	41.0	32.0	40.0	27.0	13.0
alpha_rarefaction_271_5.txt	271	5	180.0	114.0	196.0	34.0	165.0	204.0	171.0	26.0	201.0	19.0	38.0	39.0	22.0	27.0	39.0	8.0	40.0	34.0	43.0	27.0	12.0
alpha_rarefaction_271_6.txt	271	6	176.0	112.0	199.0	33.0	169.0	203.0	173.0	24.0	198.0	19.0	42.0	40.0	22.0	27.0	39.0	6.0	41.0	36.0	41.0	27.0	13.0
alpha_rarefaction_271_7.txt	271	7	176.0	106.0	197.0	33.0	170.0	203.0	173.0	22.0	201.0	19.0	41.0	39.0	23.0	27.0	39.0	8.0	42.0	33.0	40.0	25.0	12.0
alpha_rarefaction_271_8.txt	271	8	182.0	112.0	202.0	33.0	167.0	206.0	171.0	26.0	198.0	17.0	40.0	39.0	23.0	27.0	36.0	7.0	42.0	36.0	43.0	27.0	13.0
alpha_rarefaction_271_9.txt	271	9	178.0	108.0	197.0	33.0	169.0	212.0	172.0	25.0	200.0	19.0	38.0	40.0	21.0	26.0	40.0	7.0	40.0	34.0	45.0	28.0	12.0
alpha_rarefaction_300_0.txt	300	0	196.0	120.0	216.0	34.0	183.0	224.0	190.0	26.0	218.0	19.0	43.0	41.0	23.0	27.0	41.0	8.0	42.0	36.0	45.0	28.0	13.0
alpha_rarefaction_300_1.txt	300	1	196.0	120.0	216.0	34.0	183.0	224.0	190.0	26.0	218.0	19.0	43.0	41.0	23.0	27.0	41.0	8.0	42.0	36.0	45.0	28.0	13.0
alpha_rarefaction_300_2.txt	300	2	196.0	120.0	216.0	34.0	183.0	224.0	190.0	26.0	218.0	19.0	43.0	41.0	23.0	27.0	41.0	8.0	42.0	36.0	45.0	28.0	13.0
alpha_rarefaction_300_3.txt	300	3	196.0	120.0	216.0	34.0	183.0	224.0	190.0	26.0	218.0	19.0	43.0	41.0	23.0	27.0	41.0	8.0	42.0	36.0	45.0	28.0	13.0
alpha_rarefaction_300_4.txt	300	4	196.0	120.0	216.0	34.0	183.0	224.0	190.0	26.0	218.0	19.0	43.0	41.0	23.0	27.0	41.0	8.0	42.0	36.0	45.0	28.0	13.0
alpha_rarefaction_300_5.txt	300	5	196.0	120.0	216.0	34.0	183.0	224.0	190.0	26.0	218.0	19.0	43.0	41.0	23.0	27.0	41.0	8.0	42.0	36.0	45.0	28.0	13.0
alpha_rarefaction_300_6.txt	300	6	196.0	120.0	216.0	34.0	183.0	224.0	190.0	26.0	218.0	19.0	43.0	41.0	23.0	27.0	41.0	8.0	42.0	36.0	45.0	28.0	13.0
alpha_rarefaction_300_7.txt	300	7	196.0	120.0	216.0	34.0	183.0	224.0	190.0	26.0	218.0	19.0	43.0	41.0	23.0	27.0	41.0	8.0	42.0	36.0	45.0	28.0	13.0
alpha_rarefaction_300_8.txt	300	8	196.0	120.0	216.0	34.0	183.0	224.0	190.0	26.0	218.0	19.0	43.0	41.0	23.0	27.0	41.0	8.0	42.0	36.0	45.0	28.0	13.0
alpha_rarefaction_300_9.txt	300	9	196.0	120.0	216.0	34.0	183.0	224.0	190.0	26.0	218.0	19.0	43.0	41.0	23.0	27.0	41.0	8.0	42.0	36.0	45.0	28.0	13.0